0	transitions	0	0.5241300463676453
0	transitions	1	-0.2955988347530365
0	transitions	2	-0.7654469609260559
0	transitions	3	0.2804824411869049
0	transitions	4	-0.5199944376945496
0	transitions	5	-3.327094078063965
0	transitions	6	-10000.0
0	transitions	7	-10000.0
0	transitions	8	-0.6802825331687927
0	transitions	9	1.1715378761291504
0	embedding2nn.weight	0	-0.12215475738048553
0	embedding2nn.weight	1	-0.01812196522951126
0	embedding2nn.weight	2	-0.26268279552459717
0	embedding2nn.weight	3	-0.3915885090827942
0	embedding2nn.weight	4	0.01237955130636692
0	embedding2nn.weight	5	-0.34826910495758057
0	embedding2nn.weight	6	-0.2032688409090042
0	embedding2nn.weight	7	0.2715356647968292
0	embedding2nn.weight	8	-0.05179211124777794
0	embedding2nn.weight	9	0.4117002785205841
0	embedding2nn.bias	0	-0.1787841022014618
0	embedding2nn.bias	1	0.9202398061752319
0	embedding2nn.bias	2	-0.5974701046943665
0	embedding2nn.bias	3	0.16467124223709106
0	embedding2nn.bias	4	-0.26918768882751465
0	embedding2nn.bias	5	0.11475399881601334
0	embedding2nn.bias	6	0.1662517935037613
0	embedding2nn.bias	7	-0.18850930035114288
0	embedding2nn.bias	8	0.20767663419246674
0	embedding2nn.bias	9	-0.28450852632522583
0	rnn.weight_ih_l0	0	0.07047098129987717
0	rnn.weight_ih_l0	1	0.06729473173618317
0	rnn.weight_ih_l0	2	0.12993845343589783
0	rnn.weight_ih_l0	3	-0.0356147363781929
0	rnn.weight_ih_l0	4	-0.03382052853703499
0	rnn.weight_ih_l0	5	-0.016989339143037796
0	rnn.weight_ih_l0	6	-0.06174201890826225
0	rnn.weight_ih_l0	7	-0.17689086496829987
0	rnn.weight_ih_l0	8	-0.02152160555124283
0	rnn.weight_ih_l0	9	0.05131379887461662
0	rnn.weight_hh_l0	0	-0.03528836742043495
0	rnn.weight_hh_l0	1	-0.052788082510232925
0	rnn.weight_hh_l0	2	-0.026175571605563164
0	rnn.weight_hh_l0	3	-0.01849345490336418
0	rnn.weight_hh_l0	4	-0.0015853411750867963
0	rnn.weight_hh_l0	5	-0.01405630074441433
0	rnn.weight_hh_l0	6	-0.0660862997174263
0	rnn.weight_hh_l0	7	0.003407459706068039
0	rnn.weight_hh_l0	8	0.05331744626164436
0	rnn.weight_hh_l0	9	0.05812467634677887
0	rnn.bias_ih_l0	0	-0.013786409050226212
0	rnn.bias_ih_l0	1	0.024797003716230392
0	rnn.bias_ih_l0	2	-0.0459289588034153
0	rnn.bias_ih_l0	3	0.005109392572194338
0	rnn.bias_ih_l0	4	-0.04100838676095009
0	rnn.bias_ih_l0	5	-0.054715417325496674
0	rnn.bias_ih_l0	6	-0.10590144991874695
0	rnn.bias_ih_l0	7	-0.16659708321094513
0	rnn.bias_ih_l0	8	0.06342846900224686
0	rnn.bias_ih_l0	9	0.03212320804595947
0	rnn.bias_hh_l0	0	-0.014725578017532825
0	rnn.bias_hh_l0	1	0.03850146755576134
0	rnn.bias_hh_l0	2	0.07862608879804611
0	rnn.bias_hh_l0	3	-0.05802091583609581
0	rnn.bias_hh_l0	4	-0.01818736270070076
0	rnn.bias_hh_l0	5	0.046421412378549576
0	rnn.bias_hh_l0	6	0.0072543444111943245
0	rnn.bias_hh_l0	7	-0.00467344606295228
0	rnn.bias_hh_l0	8	-0.1274244487285614
0	rnn.bias_hh_l0	9	0.019885072484612465
0	rnn.weight_ih_l0_reverse	0	0.02864242158830166
0	rnn.weight_ih_l0_reverse	1	-0.025137372314929962
0	rnn.weight_ih_l0_reverse	2	-0.021816076710820198
0	rnn.weight_ih_l0_reverse	3	0.043152816593647
0	rnn.weight_ih_l0_reverse	4	-0.06306963413953781
0	rnn.weight_ih_l0_reverse	5	-0.07158523052930832
0	rnn.weight_ih_l0_reverse	6	-0.17667879164218903
0	rnn.weight_ih_l0_reverse	7	-0.10872223973274231
0	rnn.weight_ih_l0_reverse	8	-0.0027740662917494774
0	rnn.weight_ih_l0_reverse	9	-0.05094675347208977
0	rnn.weight_hh_l0_reverse	0	0.007811520714312792
0	rnn.weight_hh_l0_reverse	1	0.057440366595983505
0	rnn.weight_hh_l0_reverse	2	0.014396777376532555
0	rnn.weight_hh_l0_reverse	3	-0.025379981845617294
0	rnn.weight_hh_l0_reverse	4	0.047031037509441376
0	rnn.weight_hh_l0_reverse	5	0.019810473546385765
0	rnn.weight_hh_l0_reverse	6	0.060726042836904526
0	rnn.weight_hh_l0_reverse	7	-0.020495545119047165
0	rnn.weight_hh_l0_reverse	8	0.03302905336022377
0	rnn.weight_hh_l0_reverse	9	0.06757939606904984
0	rnn.bias_ih_l0_reverse	0	-0.05518520995974541
0	rnn.bias_ih_l0_reverse	1	-0.041387155652046204
0	rnn.bias_ih_l0_reverse	2	-0.03092138096690178
0	rnn.bias_ih_l0_reverse	3	0.00545545993372798
0	rnn.bias_ih_l0_reverse	4	0.042635392397642136
0	rnn.bias_ih_l0_reverse	5	-0.038482118397951126
0	rnn.bias_ih_l0_reverse	6	-0.12896151840686798
0	rnn.bias_ih_l0_reverse	7	-0.1331748366355896
0	rnn.bias_ih_l0_reverse	8	-0.07435358315706253
0	rnn.bias_ih_l0_reverse	9	-0.14772570133209229
0	rnn.bias_hh_l0_reverse	0	-0.058379944413900375
0	rnn.bias_hh_l0_reverse	1	0.004657200071960688
0	rnn.bias_hh_l0_reverse	2	-0.0038036394398659468
0	rnn.bias_hh_l0_reverse	3	-0.08287055790424347
0	rnn.bias_hh_l0_reverse	4	0.008033349178731441
0	rnn.bias_hh_l0_reverse	5	0.03365042805671692
0	rnn.bias_hh_l0_reverse	6	-0.10925285518169403
0	rnn.bias_hh_l0_reverse	7	0.0518234446644783
0	rnn.bias_hh_l0_reverse	8	0.046515822410583496
0	rnn.bias_hh_l0_reverse	9	-0.037255119532346725
0	linear.weight	0	-0.020191753283143044
0	linear.weight	1	0.08464443683624268
0	linear.weight	2	-0.1654280573129654
0	linear.weight	3	0.0016733108786866069
0	linear.weight	4	0.323172926902771
0	linear.weight	5	0.09262131154537201
0	linear.weight	6	0.011403925716876984
0	linear.weight	7	0.003651939332485199
0	linear.weight	8	-0.042871974408626556
0	linear.weight	9	0.14092135429382324
0	linear.bias	0	-1.3931964635849
0	linear.bias	1	1.7936809062957764
0	linear.bias	2	-0.04336928948760033
0	linear.bias	3	-2.0993173122406006
0	linear.bias	4	0.018781576305627823
0	linear.bias	5	1.6549984216690063
28	transitions	0	0.5241300463676453
28	transitions	1	-0.3128856420516968
28	transitions	2	-0.7654469609260559
28	transitions	3	0.2801920771598816
28	transitions	4	-0.5200507640838623
28	transitions	5	-3.3286566734313965
28	transitions	6	-10000.0
28	transitions	7	-10000.0
28	transitions	8	-0.6802931427955627
28	transitions	9	1.1663708686828613
28	embedding2nn.weight	0	-0.11469884216785431
28	embedding2nn.weight	1	-0.009083794429898262
28	embedding2nn.weight	2	-0.2599249482154846
28	embedding2nn.weight	3	-0.39475613832473755
28	embedding2nn.weight	4	0.017831949517130852
28	embedding2nn.weight	5	-0.3551838994026184
28	embedding2nn.weight	6	-0.19679318368434906
28	embedding2nn.weight	7	0.2700864374637604
28	embedding2nn.weight	8	-0.05435660108923912
28	embedding2nn.weight	9	0.403865247964859
28	embedding2nn.bias	0	-0.17484727501869202
28	embedding2nn.bias	1	0.9155802130699158
28	embedding2nn.bias	2	-0.5982287526130676
28	embedding2nn.bias	3	0.16193929314613342
28	embedding2nn.bias	4	-0.28285646438598633
28	embedding2nn.bias	5	0.11653628200292587
28	embedding2nn.bias	6	0.15858964622020721
28	embedding2nn.bias	7	-0.19155243039131165
28	embedding2nn.bias	8	0.20082524418830872
28	embedding2nn.bias	9	-0.2834220230579376
28	rnn.weight_ih_l0	0	0.070773184299469
28	rnn.weight_ih_l0	1	0.06687726825475693
28	rnn.weight_ih_l0	2	0.1340794414281845
28	rnn.weight_ih_l0	3	-0.036913253366947174
28	rnn.weight_ih_l0	4	-0.03535666689276695
28	rnn.weight_ih_l0	5	-0.01835363730788231
28	rnn.weight_ih_l0	6	-0.057301148772239685
28	rnn.weight_ih_l0	7	-0.1778927445411682
28	rnn.weight_ih_l0	8	-0.022355392575263977
28	rnn.weight_ih_l0	9	0.04966839775443077
28	rnn.weight_hh_l0	0	-0.03523677587509155
28	rnn.weight_hh_l0	1	-0.05238494277000427
28	rnn.weight_hh_l0	2	-0.02623850852251053
28	rnn.weight_hh_l0	3	-0.01860668882727623
28	rnn.weight_hh_l0	4	-0.0015472926897928119
28	rnn.weight_hh_l0	5	-0.014235223643481731
28	rnn.weight_hh_l0	6	-0.0656057596206665
28	rnn.weight_hh_l0	7	0.003690104465931654
28	rnn.weight_hh_l0	8	0.05260945484042168
28	rnn.weight_hh_l0	9	0.05800978094339371
28	rnn.bias_ih_l0	0	-0.012693757191300392
28	rnn.bias_ih_l0	1	0.025606203824281693
28	rnn.bias_ih_l0	2	-0.04330978915095329
28	rnn.bias_ih_l0	3	0.0060644070617854595
28	rnn.bias_ih_l0	4	-0.03969639167189598
28	rnn.bias_ih_l0	5	-0.05417850986123085
28	rnn.bias_ih_l0	6	-0.10601553320884705
28	rnn.bias_ih_l0	7	-0.16688328981399536
28	rnn.bias_ih_l0	8	0.06199837476015091
28	rnn.bias_ih_l0	9	0.03232858330011368
28	rnn.bias_hh_l0	0	-0.016376439481973648
28	rnn.bias_hh_l0	1	0.03635276108980179
28	rnn.bias_hh_l0	2	0.0804043710231781
28	rnn.bias_hh_l0	3	-0.05780169740319252
28	rnn.bias_hh_l0	4	-0.01835203729569912
28	rnn.bias_hh_l0	5	0.04715533182024956
28	rnn.bias_hh_l0	6	0.007593929301947355
28	rnn.bias_hh_l0	7	-0.008389998227357864
28	rnn.bias_hh_l0	8	-0.12722758948802948
28	rnn.bias_hh_l0	9	0.019542928785085678
28	rnn.weight_ih_l0_reverse	0	0.028541499748826027
28	rnn.weight_ih_l0_reverse	1	-0.031014492735266685
28	rnn.weight_ih_l0_reverse	2	-0.0300565417855978
28	rnn.weight_ih_l0_reverse	3	0.038264740258455276
28	rnn.weight_ih_l0_reverse	4	-0.06178241968154907
28	rnn.weight_ih_l0_reverse	5	-0.0682968720793724
28	rnn.weight_ih_l0_reverse	6	-0.17705707252025604
28	rnn.weight_ih_l0_reverse	7	-0.10659507662057877
28	rnn.weight_ih_l0_reverse	8	-0.007725689094513655
28	rnn.weight_ih_l0_reverse	9	-0.0506538525223732
28	rnn.weight_hh_l0_reverse	0	0.007536865770816803
28	rnn.weight_hh_l0_reverse	1	0.05805036798119545
28	rnn.weight_hh_l0_reverse	2	0.014591511338949203
28	rnn.weight_hh_l0_reverse	3	-0.025487270206212997
28	rnn.weight_hh_l0_reverse	4	0.04707740619778633
28	rnn.weight_hh_l0_reverse	5	0.020430536940693855
28	rnn.weight_hh_l0_reverse	6	0.06044381484389305
28	rnn.weight_hh_l0_reverse	7	-0.02059229463338852
28	rnn.weight_hh_l0_reverse	8	0.033085599541664124
28	rnn.weight_hh_l0_reverse	9	0.06782904267311096
28	rnn.bias_ih_l0_reverse	0	-0.05679449066519737
28	rnn.bias_ih_l0_reverse	1	-0.04064349830150604
28	rnn.bias_ih_l0_reverse	2	-0.02632889337837696
28	rnn.bias_ih_l0_reverse	3	0.005914314649999142
28	rnn.bias_ih_l0_reverse	4	0.04327349737286568
28	rnn.bias_ih_l0_reverse	5	-0.038749177008867264
28	rnn.bias_ih_l0_reverse	6	-0.12763772904872894
28	rnn.bias_ih_l0_reverse	7	-0.13343974947929382
28	rnn.bias_ih_l0_reverse	8	-0.07381122559309006
28	rnn.bias_ih_l0_reverse	9	-0.1456461399793625
28	rnn.bias_hh_l0_reverse	0	-0.058904897421598434
28	rnn.bias_hh_l0_reverse	1	0.004334267694503069
28	rnn.bias_hh_l0_reverse	2	-0.006779043469578028
28	rnn.bias_hh_l0_reverse	3	-0.0835391953587532
28	rnn.bias_hh_l0_reverse	4	0.00804587360471487
28	rnn.bias_hh_l0_reverse	5	0.03349113464355469
28	rnn.bias_hh_l0_reverse	6	-0.10854911804199219
28	rnn.bias_hh_l0_reverse	7	0.05919572710990906
28	rnn.bias_hh_l0_reverse	8	0.04684339463710785
28	rnn.bias_hh_l0_reverse	9	-0.03587135672569275
28	linear.weight	0	-0.020191753283143044
28	linear.weight	1	0.0866747498512268
28	linear.weight	2	-0.13907171785831451
28	linear.weight	3	0.001670708879828453
28	linear.weight	4	0.32352709770202637
28	linear.weight	5	0.09267913550138474
28	linear.weight	6	0.011403925716876984
28	linear.weight	7	0.003651939332485199
28	linear.weight	8	-0.042871974408626556
28	linear.weight	9	0.1533038318157196
28	linear.bias	0	-1.4054745435714722
28	linear.bias	1	1.7859585285186768
28	linear.bias	2	-0.04336928948760033
28	linear.bias	3	-2.0997841358184814
28	linear.bias	4	0.018781576305627823
28	linear.bias	5	1.6754639148712158
